bray_curtis	AS1	AS2	AS3	G1	G2	G3	G4	G5	N1	N10	N11	N12	N13	N2	N3	N4	N5	N6	N7	N8	N9	OC1	OC10	OC11	OC12	OC2	OC3	OC4	OC5	OC6	OC7	OC8	OC9	OP1	OP10	OP11	OP12	OP13	OP2	OP3	OP4	OP5	OP6	OP7	OP8	OP9	SD1	SD2	SD3	SD4	SD5	SD6	SD7	SD8	SD9
AS1	0	0.993	0.994	0.987	0.994	0.994	0.994	0.994	0.0294	0.993	0.994	0.997	0.968	0.0374	0.432	0.998	0.0623	0.039	0.992	0.993	0.991	0.073	0.994	0.996	0.996	0.985	0.994	0.994	0.995	0.994	0.997	0.997	0.995	0.0738	0.994	0.995	0.995	0.995	0.989	0.994	0.994	0.567	0.993	0.995	0.997	0.994	0.0334	0.046	0.0441	0.0349	0.0592	0.995	0.677	0.995	0.995
AS2	0.993	0	0.667	0.989	0.782	0.758	0.679	0.772	0.994	0.708	0.763	0.969	0.960	0.997	0.997	0.998	0.983	0.994	0.269	0.766	0.680	0.959	0.817	0.746	0.772	0.894	0.806	0.824	0.634	0.720	0.663	0.694	0.683	0.957	0.713	0.824	0.628	0.748	0.877	0.856	0.850	0.840	0.356	0.699	0.673	0.679	0.998	0.991	0.985	0.998	0.998	0.751	0.920	0.647	0.796
AS3	0.994	0.667	0	0.991	0.740	0.647	0.573	0.693	0.994	0.424	0.558	0.934	0.903	0.997	0.997	0.997	0.975	0.996	0.714	0.889	0.702	0.961	0.761	0.714	0.703	0.910	0.797	0.818	0.636	0.679	0.693	0.786	0.485	0.958	0.454	0.782	0.637	0.722	0.887	0.861	0.835	0.801	0.635	0.667	0.653	0.714	0.999	0.994	0.986	0.998	0.999	0.803	0.900	0.552	0.709
G1	0.987	0.989	0.991	0	0.897	0.993	0.966	0.992	0.987	0.987	0.988	0.995	0.962	0.988	0.749	0.701	0.969	0.989	0.985	0.976	0.986	0.984	0.805	0.890	0.994	0.948	0.872	0.852	0.992	0.981	0.986	0.993	0.992	0.985	0.992	0.995	0.989	0.995	0.972	0.987	0.972	0.974	0.989	0.985	0.991	0.990	0.982	0.988	0.979	0.990	0.987	0.803	0.975	0.990	0.953
G2	0.994	0.782	0.740	0.897	0	0.813	0.769	0.888	0.995	0.785	0.860	0.972	0.945	0.998	0.903	0.904	0.977	0.995	0.708	0.871	0.695	0.964	0.513	0.755	0.924	0.907	0.867	0.898	0.559	0.335	0.723	0.855	0.582	0.962	0.579	0.619	0.786	0.889	0.911	0.900	0.892	0.919	0.754	0.304	0.645	0.765	0.991	0.995	0.982	0.998	0.996	0.780	0.915	0.828	0.871
G3	0.994	0.758	0.647	0.993	0.813	0	0.703	0.869	0.995	0.715	0.739	0.969	0.975	0.999	0.998	0.999	0.991	0.997	0.789	0.912	0.805	0.970	0.841	0.552	0.751	0.952	0.856	0.655	0.667	0.749	0.680	0.557	0.668	0.968	0.657	0.868	0.673	0.885	0.946	0.906	0.894	0.683	0.727	0.705	0.776	0.806	0.999	0.996	0.989	0.999	0.999	0.885	0.905	0.746	0.892
G4	0.994	0.679	0.573	0.966	0.769	0.703	0	0.461	0.995	0.675	0.767	0.968	0.874	0.998	0.971	0.973	0.967	0.996	0.754	0.885	0.741	0.973	0.761	0.347	0.492	0.911	0.753	0.697	0.664	0.720	0.606	0.696	0.636	0.974	0.672	0.800	0.361	0.425	0.895	0.875	0.820	0.679	0.714	0.665	0.649	0.740	0.990	0.994	0.982	0.998	0.996	0.724	0.921	0.216	0.414
G5	0.994	0.772	0.693	0.992	0.888	0.869	0.461	0	0.996	0.717	0.800	0.967	0.898	0.999	0.995	0.996	0.975	0.997	0.781	0.881	0.843	0.975	0.910	0.619	0.419	0.922	0.820	0.825	0.865	0.856	0.818	0.820	0.788	0.976	0.788	0.917	0.614	0.256	0.912	0.882	0.785	0.783	0.786	0.845	0.778	0.772	0.997	0.991	0.984	0.999	0.997	0.733	0.929	0.461	0.370
N1	0.0294	0.994	0.994	0.987	0.995	0.995	0.995	0.996	0	0.989	0.989	0.991	0.964	0.0291	0.428	0.992	0.0581	0.0366	0.987	0.986	0.985	0.0726	0.995	0.997	0.997	0.980	0.995	0.995	0.995	0.994	0.996	0.997	0.995	0.0686	0.995	0.995	0.997	0.996	0.984	0.995	0.995	0.568	0.993	0.995	0.996	0.995	0.0323	0.0494	0.0519	0.0398	0.0572	0.995	0.674	0.996	0.996
N10	0.993	0.708	0.424	0.987	0.785	0.715	0.675	0.717	0.989	0	0.507	0.860	0.854	0.996	0.989	0.989	0.973	0.995	0.710	0.877	0.758	0.956	0.808	0.806	0.787	0.899	0.857	0.883	0.714	0.761	0.803	0.849	0.479	0.951	0.372	0.833	0.771	0.754	0.876	0.856	0.841	0.876	0.638	0.765	0.784	0.748	0.996	0.994	0.983	0.998	0.996	0.847	0.893	0.674	0.754
N11	0.994	0.763	0.558	0.988	0.860	0.739	0.767	0.800	0.989	0.507	0	0.662	0.770	0.996	0.869	0.934	0.981	0.995	0.719	0.765	0.698	0.964	0.881	0.833	0.832	0.892	0.856	0.878	0.790	0.810	0.832	0.824	0.638	0.960	0.609	0.901	0.815	0.831	0.905	0.895	0.874	0.869	0.714	0.814	0.826	0.787	0.996	0.995	0.983	0.998	0.996	0.846	0.901	0.767	0.817
N12	0.997	0.969	0.934	0.995	0.972	0.969	0.968	0.967	0.991	0.860	0.662	0	0.823	0.997	0.814	0.938	0.995	0.997	0.945	0.288	0.692	0.986	0.976	0.971	0.970	0.941	0.977	0.978	0.969	0.972	0.977	0.976	0.960	0.985	0.960	0.971	0.971	0.970	0.962	0.977	0.975	0.978	0.966	0.972	0.975	0.972	0.999	0.997	0.990	0.999	0.999	0.973	0.981	0.967	0.966
N13	0.968	0.960	0.903	0.962	0.945	0.975	0.874	0.898	0.964	0.854	0.770	0.823	0	0.971	0.903	0.929	0.945	0.970	0.939	0.917	0.924	0.957	0.947	0.875	0.904	0.920	0.937	0.938	0.974	0.960	0.930	0.957	0.925	0.956	0.919	0.969	0.931	0.904	0.942	0.963	0.961	0.915	0.954	0.952	0.927	0.961	0.965	0.970	0.956	0.972	0.969	0.895	0.945	0.898	0.869
N2	0.0374	0.997	0.997	0.988	0.998	0.999	0.998	0.999	0.0291	0.996	0.996	0.997	0.971	0	0.432	0.997	0.0609	0.0365	0.994	0.994	0.993	0.0772	0.997	0.999	0.999	0.988	0.998	0.998	0.998	0.997	0.998	0.999	0.998	0.0739	0.997	0.997	0.999	0.999	0.992	0.998	0.998	0.571	0.996	0.999	0.998	0.998	0.0288	0.054	0.0552	0.0376	0.0561	0.998	0.676	0.999	0.999
N3	0.432	0.997	0.997	0.749	0.903	0.998	0.971	0.995	0.428	0.989	0.869	0.814	0.903	0.432	0	0.698	0.416	0.433	0.969	0.795	0.808	0.430	0.851	0.894	0.997	0.902	0.876	0.871	0.998	0.986	0.989	0.995	0.998	0.430	0.998	0.997	0.993	0.997	0.954	0.989	0.975	0.566	0.997	0.990	0.993	0.994	0.426	0.431	0.426	0.434	0.431	0.851	0.758	0.993	0.957
N4	0.998	0.998	0.997	0.701	0.904	0.999	0.973	0.996	0.992	0.989	0.934	0.938	0.929	0.997	0.698	0	0.982	0.998	0.969	0.922	0.931	0.995	0.769	0.895	0.998	0.915	0.877	0.765	0.998	0.987	0.990	0.996	0.998	0.994	0.998	0.999	0.993	0.998	0.961	0.991	0.977	0.989	0.997	0.991	0.995	0.996	0.991	0.998	0.991	0.999	0.997	0.693	0.989	0.994	0.958
N5	0.0623	0.983	0.975	0.969	0.977	0.991	0.967	0.975	0.0581	0.973	0.981	0.995	0.945	0.0609	0.416	0.982	0	0.0625	0.983	0.980	0.983	0.0782	0.982	0.971	0.978	0.954	0.961	0.960	0.992	0.975	0.985	0.990	0.992	0.0818	0.987	0.994	0.974	0.978	0.958	0.970	0.964	0.537	0.987	0.982	0.988	0.985	0.0615	0.0682	0.0424	0.0651	0.0787	0.980	0.672	0.974	0.969
N6	0.039	0.994	0.996	0.989	0.995	0.997	0.996	0.997	0.0366	0.995	0.995	0.997	0.970	0.0365	0.433	0.998	0.0625	0	0.992	0.992	0.991	0.0761	0.996	0.998	0.998	0.988	0.998	0.998	0.995	0.996	0.997	0.997	0.996	0.0767	0.996	0.996	0.998	0.998	0.992	0.998	0.998	0.571	0.994	0.997	0.996	0.997	0.0391	0.0543	0.0556	0.0276	0.042	0.996	0.672	0.997	0.997
N7	0.992	0.269	0.714	0.985	0.708	0.789	0.754	0.781	0.987	0.710	0.719	0.945	0.939	0.994	0.969	0.969	0.983	0.992	0	0.702	0.664	0.953	0.843	0.811	0.811	0.859	0.847	0.873	0.685	0.709	0.730	0.736	0.724	0.949	0.719	0.871	0.715	0.759	0.846	0.882	0.874	0.861	0.373	0.701	0.732	0.675	0.993	0.989	0.982	0.996	0.994	0.752	0.897	0.730	0.803
N8	0.993	0.766	0.889	0.976	0.871	0.912	0.885	0.881	0.986	0.877	0.765	0.288	0.917	0.994	0.795	0.922	0.980	0.992	0.702	0	0.513	0.968	0.932	0.908	0.905	0.873	0.917	0.926	0.882	0.872	0.887	0.892	0.900	0.964	0.894	0.954	0.894	0.893	0.893	0.946	0.927	0.934	0.748	0.877	0.864	0.865	0.989	0.991	0.984	0.996	0.994	0.854	0.942	0.884	0.875
N9	0.991	0.680	0.702	0.986	0.695	0.805	0.741	0.843	0.985	0.758	0.698	0.692	0.924	0.993	0.808	0.931	0.983	0.991	0.664	0.513	0	0.963	0.730	0.801	0.887	0.816	0.889	0.906	0.629	0.672	0.713	0.818	0.675	0.958	0.680	0.725	0.735	0.860	0.823	0.895	0.890	0.912	0.667	0.672	0.658	0.765	0.995	0.990	0.981	0.995	0.994	0.835	0.909	0.764	0.866
OC1	0.073	0.959	0.961	0.984	0.964	0.970	0.973	0.975	0.0726	0.956	0.964	0.986	0.957	0.0772	0.430	0.995	0.0782	0.0761	0.953	0.968	0.963	0	0.966	0.978	0.979	0.933	0.972	0.972	0.956	0.956	0.985	0.985	0.964	0.038	0.958	0.973	0.978	0.976	0.932	0.973	0.969	0.541	0.948	0.962	0.982	0.965	0.0793	0.0802	0.0808	0.0776	0.0789	0.978	0.661	0.975	0.976
OC10	0.994	0.817	0.761	0.805	0.513	0.841	0.761	0.910	0.995	0.808	0.881	0.976	0.947	0.997	0.851	0.769	0.982	0.996	0.843	0.932	0.730	0.966	0	0.728	0.947	0.765	0.908	0.940	0.583	0.559	0.787	0.912	0.590	0.964	0.593	0.409	0.744	0.914	0.737	0.920	0.930	0.971	0.815	0.588	0.717	0.873	0.990	0.997	0.990	0.998	0.995	0.724	0.888	0.819	0.892
OC11	0.996	0.746	0.714	0.890	0.755	0.552	0.347	0.619	0.997	0.806	0.833	0.971	0.875	0.999	0.894	0.895	0.971	0.998	0.811	0.908	0.801	0.978	0.728	0	0.545	0.940	0.734	0.527	0.691	0.778	0.624	0.546	0.759	0.978	0.785	0.842	0.354	0.559	0.921	0.884	0.831	0.564	0.757	0.723	0.720	0.810	0.992	0.998	0.984	1.000	0.997	0.688	0.930	0.415	0.540
OC12	0.996	0.772	0.703	0.994	0.924	0.751	0.492	0.419	0.997	0.787	0.832	0.970	0.904	0.999	0.997	0.998	0.978	0.998	0.811	0.905	0.887	0.979	0.947	0.545	0	0.942	0.792	0.678	0.784	0.860	0.715	0.714	0.785	0.978	0.806	0.948	0.546	0.360	0.935	0.923	0.858	0.655	0.799	0.802	0.784	0.853	0.999	0.996	0.986	1.000	0.999	0.741	0.965	0.508	0.291
OC2	0.985	0.894	0.910	0.948	0.907	0.952	0.911	0.922	0.980	0.899	0.892	0.941	0.920	0.988	0.902	0.915	0.954	0.988	0.859	0.873	0.816	0.933	0.765	0.940	0.942	0	0.768	0.778	0.901	0.867	0.933	0.939	0.930	0.932	0.927	0.761	0.938	0.939	0.300	0.814	0.803	0.911	0.893	0.895	0.927	0.904	0.985	0.960	0.972	0.990	0.988	0.936	0.921	0.936	0.933
OC3	0.994	0.806	0.797	0.872	0.867	0.856	0.753	0.820	0.995	0.857	0.856	0.977	0.937	0.998	0.876	0.877	0.961	0.998	0.847	0.917	0.889	0.972	0.908	0.734	0.792	0.768	0	0.400	0.803	0.846	0.832	0.813	0.817	0.971	0.841	0.958	0.782	0.845	0.759	0.301	0.344	0.738	0.797	0.846	0.821	0.817	0.991	0.968	0.980	1.000	0.997	0.827	0.959	0.778	0.788
OC4	0.994	0.824	0.818	0.852	0.898	0.655	0.697	0.825	0.995	0.883	0.878	0.978	0.938	0.998	0.871	0.765	0.960	0.998	0.873	0.926	0.906	0.972	0.940	0.527	0.678	0.778	0.400	0	0.757	0.862	0.751	0.626	0.845	0.970	0.868	0.972	0.678	0.841	0.776	0.650	0.578	0.554	0.832	0.823	0.849	0.859	0.991	0.967	0.981	1.000	0.997	0.854	0.972	0.760	0.790
OC5	0.995	0.634	0.636	0.992	0.559	0.667	0.664	0.865	0.995	0.714	0.790	0.969	0.974	0.998	0.998	0.998	0.992	0.995	0.685	0.882	0.629	0.956	0.583	0.691	0.784	0.901	0.803	0.757	0	0.407	0.624	0.729	0.384	0.952	0.470	0.503	0.633	0.877	0.855	0.857	0.849	0.766	0.545	0.363	0.622	0.779	0.999	0.996	0.990	0.999	0.999	0.870	0.917	0.733	0.898
OC6	0.994	0.720	0.679	0.981	0.335	0.749	0.720	0.856	0.994	0.761	0.810	0.972	0.960	0.997	0.986	0.987	0.975	0.996	0.709	0.872	0.672	0.956	0.559	0.778	0.860	0.867	0.846	0.862	0.407	0	0.648	0.770	0.480	0.957	0.523	0.504	0.724	0.871	0.866	0.897	0.887	0.851	0.686	0.160	0.558	0.694	0.991	0.994	0.982	0.998	0.996	0.798	0.910	0.754	0.873
OC7	0.997	0.663	0.693	0.986	0.723	0.680	0.606	0.818	0.996	0.803	0.832	0.977	0.930	0.998	0.989	0.990	0.985	0.997	0.730	0.887	0.713	0.985	0.787	0.624	0.715	0.933	0.832	0.751	0.624	0.648	0	0.258	0.690	0.984	0.722	0.803	0.585	0.826	0.937	0.889	0.890	0.749	0.707	0.603	0.264	0.590	0.991	0.997	0.986	0.999	0.996	0.658	0.940	0.678	0.834
OC8	0.997	0.694	0.786	0.993	0.855	0.557	0.696	0.820	0.997	0.849	0.824	0.976	0.957	0.999	0.995	0.996	0.990	0.997	0.736	0.892	0.818	0.985	0.912	0.546	0.714	0.939	0.813	0.626	0.729	0.770	0.258	0	0.791	0.983	0.825	0.921	0.675	0.832	0.930	0.862	0.875	0.667	0.734	0.729	0.369	0.553	0.997	0.995	0.988	0.999	0.997	0.654	0.942	0.737	0.842
OC9	0.995	0.683	0.485	0.992	0.582	0.668	0.636	0.788	0.995	0.479	0.638	0.960	0.925	0.998	0.998	0.998	0.992	0.996	0.724	0.900	0.675	0.964	0.590	0.759	0.785	0.930	0.817	0.845	0.384	0.480	0.690	0.791	0	0.961	0.172	0.557	0.684	0.813	0.896	0.874	0.854	0.825	0.609	0.458	0.613	0.765	0.999	0.995	0.990	0.999	0.999	0.856	0.904	0.653	0.809
OP1	0.0738	0.957	0.958	0.985	0.962	0.968	0.974	0.976	0.0686	0.951	0.960	0.985	0.956	0.0739	0.430	0.994	0.0818	0.0767	0.949	0.964	0.958	0.038	0.964	0.978	0.978	0.932	0.971	0.970	0.952	0.957	0.984	0.983	0.961	0	0.955	0.971	0.977	0.977	0.929	0.971	0.967	0.543	0.946	0.962	0.981	0.964	0.0787	0.0754	0.0831	0.0793	0.0871	0.976	0.658	0.976	0.977
OP10	0.994	0.713	0.454	0.992	0.579	0.657	0.672	0.788	0.995	0.372	0.609	0.960	0.919	0.997	0.998	0.998	0.987	0.996	0.719	0.894	0.680	0.958	0.593	0.785	0.806	0.927	0.841	0.868	0.470	0.523	0.722	0.825	0.172	0.955	0	0.618	0.711	0.811	0.895	0.876	0.864	0.851	0.627	0.526	0.632	0.765	0.999	0.995	0.987	0.999	0.999	0.858	0.895	0.692	0.810
OP11	0.995	0.824	0.782	0.995	0.619	0.868	0.800	0.917	0.995	0.833	0.901	0.971	0.969	0.997	0.997	0.999	0.994	0.996	0.871	0.954	0.725	0.973	0.409	0.842	0.948	0.761	0.958	0.972	0.503	0.504	0.803	0.921	0.557	0.971	0.618	0	0.738	0.916	0.796	0.922	0.933	0.977	0.834	0.536	0.725	0.890	0.998	0.996	0.990	0.998	0.998	0.962	0.912	0.832	0.941
OP12	0.995	0.628	0.637	0.989	0.786	0.673	0.361	0.614	0.997	0.771	0.815	0.971	0.931	0.999	0.993	0.993	0.974	0.998	0.715	0.894	0.735	0.978	0.744	0.354	0.546	0.938	0.782	0.678	0.633	0.724	0.585	0.675	0.684	0.977	0.711	0.738	0	0.487	0.918	0.881	0.830	0.649	0.709	0.666	0.670	0.791	0.994	0.998	0.983	1.000	0.997	0.842	0.931	0.283	0.564
OP13	0.995	0.748	0.722	0.995	0.889	0.885	0.425	0.256	0.996	0.754	0.831	0.970	0.904	0.999	0.997	0.998	0.978	0.998	0.759	0.893	0.860	0.976	0.914	0.559	0.360	0.939	0.845	0.841	0.877	0.871	0.826	0.832	0.813	0.977	0.811	0.916	0.487	0	0.928	0.886	0.817	0.802	0.804	0.857	0.794	0.807	0.999	0.996	0.986	0.999	1.000	0.768	0.939	0.397	0.273
OP2	0.989	0.877	0.887	0.972	0.911	0.946	0.895	0.912	0.984	0.876	0.905	0.962	0.942	0.992	0.954	0.961	0.958	0.992	0.846	0.893	0.823	0.932	0.737	0.921	0.935	0.300	0.759	0.776	0.855	0.866	0.937	0.930	0.896	0.929	0.895	0.796	0.918	0.928	0	0.766	0.760	0.882	0.849	0.894	0.916	0.871	0.989	0.964	0.977	0.994	0.992	0.936	0.927	0.917	0.920
OP3	0.994	0.856	0.861	0.987	0.900	0.906	0.875	0.882	0.995	0.856	0.895	0.977	0.963	0.998	0.989	0.991	0.970	0.998	0.882	0.946	0.895	0.973	0.920	0.884	0.923	0.814	0.301	0.650	0.857	0.897	0.889	0.862	0.874	0.971	0.876	0.922	0.881	0.886	0.766	0	0.325	0.876	0.844	0.901	0.847	0.809	0.995	0.966	0.982	1.000	0.997	0.931	0.944	0.874	0.908
OP4	0.994	0.850	0.835	0.972	0.892	0.894	0.820	0.785	0.995	0.841	0.874	0.975	0.961	0.998	0.975	0.977	0.964	0.998	0.874	0.927	0.890	0.969	0.930	0.831	0.858	0.803	0.344	0.578	0.849	0.887	0.890	0.875	0.854	0.967	0.864	0.933	0.830	0.817	0.760	0.325	0	0.795	0.835	0.894	0.871	0.828	0.994	0.967	0.980	0.999	0.997	0.910	0.936	0.820	0.825
OP5	0.567	0.840	0.801	0.974	0.919	0.683	0.679	0.783	0.568	0.876	0.869	0.978	0.915	0.571	0.566	0.989	0.537	0.571	0.861	0.934	0.912	0.541	0.971	0.564	0.655	0.911	0.738	0.554	0.766	0.851	0.749	0.667	0.825	0.543	0.851	0.977	0.649	0.802	0.882	0.876	0.795	0	0.820	0.793	0.845	0.859	0.567	0.548	0.552	0.572	0.570	0.874	0.801	0.720	0.781
OP6	0.993	0.356	0.635	0.989	0.754	0.727	0.714	0.786	0.993	0.638	0.714	0.966	0.954	0.996	0.997	0.997	0.987	0.994	0.373	0.748	0.667	0.948	0.815	0.757	0.799	0.893	0.797	0.832	0.545	0.686	0.707	0.734	0.609	0.946	0.627	0.834	0.709	0.804	0.849	0.844	0.835	0.820	0	0.672	0.689	0.665	0.998	0.992	0.986	0.998	0.998	0.764	0.906	0.693	0.820
OP7	0.995	0.699	0.667	0.985	0.304	0.705	0.665	0.845	0.995	0.765	0.814	0.972	0.952	0.999	0.990	0.991	0.982	0.997	0.701	0.877	0.672	0.962	0.588	0.723	0.802	0.895	0.846	0.823	0.363	0.160	0.603	0.729	0.458	0.962	0.526	0.536	0.666	0.857	0.894	0.901	0.894	0.793	0.672	0	0.554	0.713	0.992	0.995	0.985	0.999	0.997	0.810	0.915	0.714	0.865
OP8	0.997	0.673	0.653	0.991	0.645	0.776	0.649	0.778	0.996	0.784	0.826	0.975	0.927	0.998	0.993	0.995	0.988	0.996	0.732	0.864	0.658	0.982	0.717	0.720	0.784	0.927	0.821	0.849	0.622	0.558	0.264	0.369	0.613	0.981	0.632	0.725	0.670	0.794	0.916	0.847	0.871	0.845	0.689	0.554	0	0.474	0.995	0.990	0.986	0.999	0.996	0.574	0.939	0.639	0.808
OP9	0.994	0.679	0.714	0.990	0.765	0.806	0.740	0.772	0.995	0.748	0.787	0.972	0.961	0.998	0.994	0.996	0.985	0.997	0.675	0.865	0.765	0.965	0.873	0.810	0.853	0.904	0.817	0.859	0.779	0.694	0.590	0.553	0.765	0.964	0.765	0.890	0.791	0.807	0.871	0.809	0.828	0.859	0.665	0.713	0.474	0	0.997	0.983	0.985	0.999	0.997	0.570	0.925	0.725	0.816
SD1	0.0334	0.998	0.999	0.982	0.991	0.999	0.990	0.997	0.0323	0.996	0.996	0.999	0.965	0.0288	0.426	0.991	0.0615	0.0391	0.993	0.989	0.995	0.0793	0.990	0.992	0.999	0.985	0.991	0.991	0.999	0.991	0.991	0.997	0.999	0.0787	0.999	0.998	0.994	0.999	0.989	0.995	0.994	0.567	0.998	0.992	0.995	0.997	0	0.0549	0.0551	0.0406	0.0499	0.991	0.680	0.995	0.992
SD2	0.046	0.991	0.994	0.988	0.995	0.996	0.994	0.991	0.0494	0.994	0.995	0.997	0.970	0.054	0.431	0.998	0.0682	0.0543	0.989	0.991	0.990	0.0802	0.997	0.998	0.996	0.960	0.968	0.967	0.996	0.994	0.997	0.995	0.995	0.0754	0.995	0.996	0.998	0.996	0.964	0.966	0.967	0.548	0.992	0.995	0.990	0.983	0.0549	0	0.0612	0.0504	0.0759	0.995	0.681	0.996	0.996
SD3	0.0441	0.985	0.986	0.979	0.982	0.989	0.982	0.984	0.0519	0.983	0.983	0.990	0.956	0.0552	0.426	0.991	0.0424	0.0556	0.982	0.984	0.981	0.0808	0.990	0.984	0.986	0.972	0.980	0.981	0.990	0.982	0.986	0.988	0.990	0.0831	0.987	0.990	0.983	0.986	0.977	0.982	0.980	0.552	0.986	0.985	0.986	0.985	0.0551	0.0612	0	0.0489	0.0705	0.985	0.675	0.983	0.983
SD4	0.0349	0.998	0.998	0.990	0.998	0.999	0.998	0.999	0.0398	0.998	0.998	0.999	0.972	0.0376	0.434	0.999	0.0651	0.0276	0.996	0.996	0.995	0.0776	0.998	1.000	1.000	0.990	1.000	1.000	0.999	0.998	0.999	0.999	0.999	0.0793	0.999	0.998	1.000	0.999	0.994	1.000	0.999	0.572	0.998	0.999	0.999	0.999	0.0406	0.0504	0.0489	0	0.0452	0.999	0.675	0.999	0.999
SD5	0.0592	0.998	0.999	0.987	0.996	0.999	0.996	0.997	0.0572	0.996	0.996	0.999	0.969	0.0561	0.431	0.997	0.0787	0.042	0.994	0.994	0.994	0.0789	0.995	0.997	0.999	0.988	0.997	0.997	0.999	0.996	0.996	0.997	0.999	0.0871	0.999	0.998	0.997	1.000	0.992	0.997	0.997	0.570	0.998	0.997	0.996	0.997	0.0499	0.0759	0.0705	0.0452	0	0.996	0.670	0.997	0.997
SD6	0.995	0.751	0.803	0.803	0.780	0.885	0.724	0.733	0.995	0.847	0.846	0.973	0.895	0.998	0.851	0.693	0.980	0.996	0.752	0.854	0.835	0.978	0.724	0.688	0.741	0.936	0.827	0.854	0.870	0.798	0.658	0.654	0.856	0.976	0.858	0.962	0.842	0.768	0.936	0.931	0.910	0.874	0.764	0.810	0.574	0.570	0.991	0.995	0.985	0.999	0.996	0	0.966	0.737	0.680
SD7	0.677	0.920	0.900	0.975	0.915	0.905	0.921	0.929	0.674	0.893	0.901	0.981	0.945	0.676	0.758	0.989	0.672	0.672	0.897	0.942	0.909	0.661	0.888	0.930	0.965	0.921	0.959	0.972	0.917	0.910	0.940	0.942	0.904	0.658	0.895	0.912	0.931	0.939	0.927	0.944	0.936	0.801	0.906	0.915	0.939	0.925	0.680	0.681	0.675	0.675	0.670	0.966	0	0.930	0.955
SD8	0.995	0.647	0.552	0.990	0.828	0.746	0.216	0.461	0.996	0.674	0.767	0.967	0.898	0.999	0.993	0.994	0.974	0.997	0.730	0.884	0.764	0.975	0.819	0.415	0.508	0.936	0.778	0.760	0.733	0.754	0.678	0.737	0.653	0.976	0.692	0.832	0.283	0.397	0.917	0.874	0.820	0.720	0.693	0.714	0.639	0.725	0.995	0.996	0.983	0.999	0.997	0.737	0.930	0	0.399
SD9	0.995	0.796	0.709	0.953	0.871	0.892	0.414	0.370	0.996	0.754	0.817	0.966	0.869	0.999	0.957	0.958	0.969	0.997	0.803	0.875	0.866	0.976	0.892	0.540	0.291	0.933	0.788	0.790	0.898	0.873	0.834	0.842	0.809	0.977	0.810	0.941	0.564	0.273	0.920	0.908	0.825	0.781	0.820	0.865	0.808	0.816	0.992	0.996	0.983	0.999	0.997	0.680	0.955	0.399	0
