unifrac	AS1	AS2	AS3	G1	G2	G3	G4	G5	N1	N10	N11	N12	N13	N2	N3	N4	N5	N6	N7	N8	N9	OC1	OC10	OC11	OC12	OC2	OC3	OC4	OC5	OC6	OC7	OC8	OC9	OP1	OP10	OP11	OP12	OP13	OP2	OP3	OP4	OP5	OP6	OP7	OP8	OP9	SD1	SD2	SD3	SD4	SD5	SD6	SD7	SD8	SD9
AS1	0	0.941	0.980	0.980	0.818	0.987	0.956	0.982	0.0155	0.971	0.977	0.986	0.957	0.0241	0.424	0.992	0.0433	0.0247	0.894	0.961	0.959	0.0629	0.832	0.985	0.991	0.544	0.987	0.991	0.965	0.915	0.954	0.975	0.980	0.0635	0.982	0.619	0.984	0.984	0.667	0.990	0.990	0.563	0.955	0.929	0.961	0.978	0.0244	0.0336	0.0279	0.0194	0.0354	0.980	0.586	0.979	0.987
AS2	0.941	0	0.495	0.957	0.645	0.689	0.530	0.472	0.944	0.599	0.661	0.962	0.868	0.946	0.948	0.996	0.921	0.942	0.229	0.754	0.566	0.890	0.623	0.608	0.669	0.805	0.659	0.688	0.470	0.574	0.593	0.641	0.505	0.888	0.543	0.668	0.497	0.440	0.681	0.687	0.664	0.656	0.295	0.563	0.561	0.546	0.948	0.936	0.935	0.947	0.949	0.681	0.836	0.504	0.540
AS3	0.980	0.495	0	0.958	0.547	0.614	0.477	0.513	0.982	0.349	0.530	0.928	0.844	0.984	0.985	0.994	0.959	0.980	0.538	0.816	0.595	0.927	0.666	0.627	0.636	0.762	0.482	0.604	0.446	0.525	0.637	0.650	0.355	0.928	0.348	0.721	0.597	0.511	0.643	0.477	0.484	0.653	0.447	0.487	0.527	0.476	0.987	0.953	0.974	0.986	0.987	0.683	0.851	0.460	0.490
G1	0.980	0.957	0.958	0	0.882	0.977	0.931	0.975	0.980	0.942	0.955	0.976	0.797	0.982	0.745	0.693	0.963	0.980	0.947	0.950	0.930	0.977	0.783	0.877	0.991	0.930	0.862	0.843	0.980	0.966	0.963	0.974	0.960	0.979	0.961	0.983	0.980	0.985	0.958	0.984	0.969	0.970	0.954	0.973	0.956	0.957	0.976	0.980	0.973	0.983	0.981	0.761	0.916	0.956	0.939
G2	0.818	0.645	0.547	0.882	0	0.769	0.450	0.651	0.821	0.609	0.785	0.945	0.815	0.823	0.729	0.902	0.788	0.819	0.617	0.834	0.657	0.776	0.320	0.554	0.746	0.635	0.666	0.705	0.525	0.265	0.619	0.722	0.476	0.779	0.458	0.435	0.571	0.582	0.606	0.714	0.712	0.603	0.690	0.251	0.516	0.582	0.817	0.795	0.808	0.824	0.822	0.692	0.816	0.500	0.582
G3	0.987	0.689	0.614	0.977	0.769	0	0.588	0.645	0.990	0.663	0.712	0.961	0.899	0.992	0.993	0.996	0.968	0.988	0.680	0.867	0.771	0.945	0.796	0.437	0.339	0.902	0.731	0.515	0.617	0.705	0.618	0.468	0.618	0.944	0.624	0.853	0.642	0.600	0.812	0.810	0.774	0.512	0.646	0.647	0.704	0.719	0.994	0.986	0.981	0.993	0.994	0.696	0.867	0.655	0.450
G4	0.956	0.530	0.477	0.931	0.450	0.588	0	0.408	0.959	0.607	0.730	0.949	0.860	0.960	0.935	0.970	0.928	0.957	0.619	0.825	0.613	0.923	0.495	0.332	0.466	0.760	0.581	0.459	0.318	0.385	0.403	0.493	0.350	0.925	0.439	0.491	0.235	0.267	0.659	0.675	0.679	0.543	0.594	0.304	0.396	0.547	0.954	0.931	0.946	0.962	0.959	0.598	0.864	0.146	0.285
G5	0.982	0.472	0.513	0.975	0.651	0.645	0.408	0	0.985	0.573	0.707	0.958	0.878	0.986	0.984	0.993	0.960	0.984	0.540	0.800	0.672	0.947	0.724	0.563	0.410	0.796	0.409	0.469	0.556	0.629	0.583	0.571	0.516	0.950	0.547	0.766	0.468	0.211	0.702	0.436	0.399	0.636	0.502	0.545	0.550	0.425	0.985	0.954	0.972	0.988	0.986	0.627	0.901	0.382	0.336
N1	0.0155	0.944	0.982	0.980	0.821	0.990	0.959	0.985	0	0.970	0.974	0.983	0.954	0.0198	0.420	0.986	0.044	0.0238	0.890	0.957	0.954	0.063	0.835	0.988	0.993	0.539	0.990	0.993	0.968	0.918	0.958	0.978	0.984	0.0626	0.986	0.622	0.987	0.986	0.662	0.992	0.992	0.565	0.957	0.933	0.964	0.982	0.0225	0.0384	0.0356	0.0208	0.0338	0.983	0.586	0.983	0.990
N10	0.971	0.599	0.349	0.942	0.609	0.663	0.607	0.573	0.970	0	0.462	0.852	0.801	0.974	0.961	0.975	0.940	0.970	0.538	0.786	0.679	0.915	0.734	0.766	0.694	0.756	0.578	0.658	0.576	0.634	0.768	0.743	0.401	0.916	0.304	0.806	0.745	0.634	0.659	0.591	0.520	0.700	0.446	0.613	0.680	0.509	0.970	0.945	0.961	0.977	0.975	0.722	0.836	0.610	0.609
N11	0.977	0.661	0.530	0.955	0.785	0.712	0.730	0.707	0.974	0.462	0	0.633	0.678	0.980	0.857	0.931	0.953	0.976	0.603	0.690	0.532	0.929	0.827	0.820	0.781	0.791	0.721	0.753	0.698	0.743	0.816	0.789	0.564	0.928	0.567	0.883	0.793	0.735	0.708	0.751	0.728	0.735	0.588	0.746	0.744	0.649	0.981	0.950	0.968	0.983	0.981	0.718	0.858	0.716	0.733
N12	0.986	0.962	0.928	0.976	0.945	0.961	0.949	0.958	0.983	0.852	0.633	0	0.761	0.990	0.792	0.921	0.967	0.988	0.927	0.261	0.556	0.971	0.946	0.953	0.966	0.907	0.950	0.951	0.959	0.948	0.964	0.964	0.953	0.974	0.951	0.962	0.961	0.965	0.933	0.961	0.958	0.955	0.955	0.953	0.961	0.956	0.984	0.982	0.976	0.992	0.989	0.946	0.961	0.960	0.946
N13	0.957	0.868	0.844	0.797	0.815	0.899	0.860	0.878	0.954	0.801	0.678	0.761	0	0.961	0.783	0.659	0.930	0.957	0.838	0.847	0.697	0.934	0.690	0.788	0.894	0.876	0.842	0.862	0.861	0.877	0.896	0.891	0.850	0.934	0.849	0.941	0.886	0.890	0.851	0.925	0.907	0.866	0.852	0.882	0.887	0.884	0.956	0.947	0.947	0.963	0.960	0.502	0.915	0.882	0.843
N2	0.0241	0.946	0.984	0.982	0.823	0.992	0.960	0.986	0.0198	0.974	0.980	0.990	0.961	0	0.424	0.991	0.0493	0.0209	0.897	0.964	0.962	0.066	0.836	0.989	0.995	0.546	0.992	0.995	0.969	0.919	0.959	0.980	0.985	0.0666	0.987	0.624	0.989	0.989	0.670	0.994	0.995	0.568	0.959	0.934	0.965	0.983	0.0155	0.0457	0.0423	0.0248	0.0331	0.984	0.584	0.984	0.992
N3	0.424	0.948	0.985	0.745	0.729	0.993	0.935	0.984	0.420	0.961	0.857	0.792	0.783	0.424	0	0.696	0.408	0.423	0.876	0.766	0.747	0.422	0.692	0.880	0.994	0.614	0.864	0.867	0.971	0.910	0.952	0.979	0.986	0.422	0.988	0.712	0.982	0.987	0.670	0.988	0.973	0.559	0.961	0.928	0.963	0.982	0.418	0.423	0.418	0.426	0.423	0.839	0.641	0.980	0.950
N4	0.992	0.996	0.994	0.693	0.902	0.996	0.970	0.993	0.986	0.975	0.931	0.921	0.659	0.991	0.696	0	0.977	0.991	0.966	0.914	0.898	0.989	0.767	0.889	0.997	0.901	0.869	0.746	0.996	0.985	0.989	0.995	0.997	0.990	0.997	0.997	0.992	0.997	0.955	0.990	0.975	0.986	0.995	0.990	0.994	0.995	0.986	0.992	0.986	0.993	0.990	0.692	0.950	0.993	0.954
N5	0.0433	0.921	0.959	0.963	0.788	0.968	0.928	0.960	0.044	0.940	0.953	0.967	0.930	0.0493	0.408	0.977	0	0.0453	0.868	0.927	0.931	0.0504	0.802	0.958	0.973	0.511	0.953	0.955	0.945	0.885	0.930	0.954	0.960	0.0559	0.962	0.600	0.962	0.967	0.635	0.965	0.959	0.533	0.934	0.902	0.939	0.956	0.0481	0.0503	0.0301	0.0445	0.0581	0.951	0.559	0.957	0.960
N6	0.0247	0.942	0.980	0.980	0.819	0.988	0.957	0.984	0.0238	0.970	0.976	0.988	0.957	0.0209	0.423	0.991	0.0453	0	0.893	0.960	0.958	0.0635	0.834	0.987	0.993	0.543	0.990	0.992	0.966	0.916	0.957	0.977	0.982	0.0641	0.983	0.622	0.987	0.986	0.667	0.992	0.992	0.565	0.956	0.931	0.963	0.980	0.0262	0.0421	0.0379	0.0155	0.0245	0.981	0.572	0.981	0.989
N7	0.894	0.229	0.538	0.947	0.617	0.680	0.619	0.540	0.890	0.538	0.603	0.927	0.838	0.897	0.876	0.966	0.868	0.893	0	0.693	0.581	0.835	0.633	0.709	0.695	0.711	0.690	0.724	0.549	0.570	0.691	0.701	0.564	0.835	0.559	0.696	0.600	0.520	0.594	0.699	0.659	0.627	0.275	0.586	0.650	0.536	0.896	0.884	0.884	0.899	0.897	0.699	0.763	0.597	0.617
N8	0.961	0.754	0.816	0.950	0.834	0.867	0.825	0.800	0.957	0.786	0.690	0.261	0.847	0.964	0.766	0.914	0.927	0.960	0.693	0	0.484	0.913	0.843	0.879	0.844	0.787	0.862	0.874	0.822	0.831	0.872	0.873	0.836	0.911	0.841	0.899	0.841	0.812	0.775	0.869	0.855	0.857	0.738	0.838	0.846	0.822	0.960	0.957	0.947	0.967	0.964	0.832	0.841	0.825	0.805
N9	0.959	0.566	0.595	0.930	0.657	0.771	0.613	0.672	0.954	0.679	0.532	0.556	0.697	0.962	0.747	0.898	0.931	0.958	0.581	0.484	0	0.906	0.646	0.652	0.776	0.687	0.710	0.734	0.577	0.631	0.655	0.707	0.624	0.905	0.629	0.676	0.628	0.652	0.668	0.768	0.762	0.758	0.619	0.633	0.634	0.674	0.964	0.952	0.947	0.964	0.964	0.790	0.779	0.613	0.645
OC1	0.0629	0.890	0.927	0.977	0.776	0.945	0.923	0.947	0.063	0.915	0.929	0.971	0.934	0.066	0.422	0.989	0.0504	0.0635	0.835	0.913	0.906	0	0.787	0.958	0.959	0.489	0.953	0.954	0.910	0.867	0.935	0.949	0.933	0.0213	0.931	0.583	0.957	0.953	0.608	0.955	0.953	0.526	0.896	0.882	0.934	0.936	0.0693	0.0652	0.0633	0.0685	0.0683	0.950	0.549	0.949	0.954
OC10	0.832	0.623	0.666	0.783	0.320	0.796	0.495	0.724	0.835	0.734	0.827	0.946	0.690	0.836	0.692	0.767	0.802	0.834	0.633	0.843	0.646	0.787	0	0.491	0.822	0.701	0.733	0.771	0.520	0.483	0.628	0.748	0.542	0.789	0.544	0.338	0.490	0.647	0.631	0.787	0.793	0.660	0.688	0.506	0.576	0.727	0.831	0.824	0.823	0.838	0.836	0.624	0.804	0.541	0.650
OC11	0.985	0.608	0.627	0.877	0.554	0.437	0.332	0.563	0.988	0.766	0.820	0.953	0.788	0.989	0.880	0.889	0.958	0.987	0.709	0.879	0.652	0.958	0.491	0	0.403	0.886	0.666	0.474	0.467	0.570	0.447	0.384	0.557	0.959	0.591	0.613	0.344	0.400	0.760	0.797	0.803	0.539	0.678	0.511	0.519	0.710	0.982	0.975	0.974	0.990	0.987	0.591	0.912	0.404	0.281
OC12	0.991	0.669	0.636	0.991	0.746	0.339	0.466	0.410	0.993	0.694	0.781	0.966	0.894	0.995	0.994	0.997	0.973	0.993	0.695	0.844	0.776	0.959	0.822	0.403	0	0.818	0.580	0.368	0.671	0.724	0.616	0.440	0.678	0.962	0.703	0.854	0.538	0.348	0.739	0.668	0.652	0.532	0.672	0.636	0.644	0.593	0.996	0.964	0.983	0.996	0.996	0.647	0.925	0.491	0.275
OC2	0.544	0.805	0.762	0.930	0.635	0.902	0.760	0.796	0.539	0.756	0.791	0.907	0.876	0.546	0.614	0.901	0.511	0.543	0.711	0.787	0.687	0.489	0.701	0.886	0.818	0	0.743	0.749	0.834	0.772	0.873	0.878	0.807	0.489	0.810	0.498	0.868	0.800	0.292	0.796	0.786	0.662	0.806	0.762	0.837	0.784	0.544	0.519	0.530	0.549	0.546	0.863	0.696	0.784	0.796
OC3	0.987	0.659	0.482	0.862	0.666	0.731	0.581	0.409	0.990	0.578	0.721	0.950	0.842	0.992	0.864	0.869	0.953	0.990	0.690	0.862	0.710	0.953	0.733	0.666	0.580	0.743	0	0.382	0.585	0.691	0.731	0.715	0.595	0.954	0.601	0.823	0.695	0.541	0.666	0.238	0.309	0.672	0.621	0.661	0.690	0.547	0.986	0.961	0.974	0.993	0.991	0.713	0.875	0.605	0.557
OC4	0.991	0.688	0.604	0.843	0.705	0.515	0.459	0.469	0.993	0.658	0.753	0.951	0.862	0.995	0.867	0.746	0.955	0.992	0.724	0.874	0.734	0.954	0.771	0.474	0.368	0.749	0.382	0	0.620	0.713	0.617	0.520	0.647	0.955	0.671	0.838	0.591	0.421	0.681	0.585	0.552	0.476	0.691	0.629	0.669	0.580	0.989	0.964	0.977	0.997	0.994	0.649	0.877	0.542	0.379
OC5	0.965	0.470	0.446	0.980	0.525	0.617	0.318	0.556	0.968	0.576	0.698	0.959	0.861	0.969	0.971	0.996	0.945	0.966	0.549	0.822	0.577	0.910	0.520	0.467	0.671	0.834	0.585	0.620	0	0.385	0.504	0.598	0.297	0.910	0.362	0.478	0.342	0.479	0.708	0.654	0.670	0.607	0.432	0.328	0.477	0.660	0.972	0.958	0.959	0.971	0.972	0.695	0.859	0.329	0.531
OC6	0.915	0.574	0.525	0.966	0.265	0.705	0.385	0.629	0.918	0.634	0.743	0.948	0.877	0.919	0.910	0.985	0.885	0.916	0.570	0.831	0.631	0.867	0.483	0.570	0.724	0.772	0.691	0.713	0.385	0	0.545	0.643	0.394	0.870	0.423	0.460	0.412	0.561	0.703	0.760	0.756	0.641	0.606	0.136	0.445	0.563	0.914	0.892	0.905	0.921	0.919	0.690	0.812	0.378	0.590
OC7	0.954	0.593	0.637	0.963	0.619	0.618	0.403	0.583	0.958	0.768	0.816	0.964	0.896	0.959	0.952	0.989	0.930	0.957	0.691	0.872	0.655	0.935	0.628	0.447	0.616	0.873	0.731	0.617	0.504	0.545	0	0.209	0.582	0.934	0.618	0.670	0.468	0.468	0.808	0.809	0.813	0.588	0.665	0.500	0.217	0.559	0.953	0.956	0.944	0.960	0.958	0.568	0.876	0.487	0.488
OC8	0.975	0.641	0.650	0.974	0.722	0.468	0.493	0.571	0.978	0.743	0.789	0.964	0.891	0.980	0.979	0.995	0.954	0.977	0.701	0.873	0.707	0.949	0.748	0.384	0.440	0.878	0.715	0.520	0.598	0.643	0.209	0	0.648	0.951	0.687	0.783	0.543	0.511	0.803	0.775	0.783	0.525	0.670	0.597	0.297	0.518	0.980	0.958	0.967	0.981	0.980	0.539	0.899	0.562	0.369
OC9	0.980	0.505	0.355	0.960	0.476	0.618	0.350	0.516	0.984	0.401	0.564	0.953	0.850	0.985	0.986	0.997	0.960	0.982	0.564	0.836	0.624	0.933	0.542	0.557	0.678	0.807	0.595	0.647	0.297	0.394	0.582	0.648	0	0.933	0.135	0.546	0.440	0.472	0.695	0.648	0.632	0.665	0.439	0.360	0.456	0.535	0.987	0.956	0.974	0.987	0.988	0.704	0.856	0.349	0.515
OP1	0.0635	0.888	0.928	0.979	0.779	0.944	0.925	0.950	0.0626	0.916	0.928	0.974	0.934	0.0666	0.422	0.990	0.0559	0.0641	0.835	0.911	0.905	0.0213	0.789	0.959	0.962	0.489	0.954	0.955	0.910	0.870	0.934	0.951	0.933	0	0.932	0.583	0.959	0.954	0.608	0.956	0.955	0.529	0.896	0.885	0.936	0.938	0.0694	0.0637	0.0708	0.0691	0.0692	0.952	0.557	0.951	0.957
OP10	0.982	0.543	0.348	0.961	0.458	0.624	0.439	0.547	0.986	0.304	0.567	0.951	0.849	0.987	0.988	0.997	0.962	0.983	0.559	0.841	0.629	0.931	0.544	0.591	0.703	0.810	0.601	0.671	0.362	0.423	0.618	0.687	0.135	0.932	0	0.603	0.523	0.515	0.694	0.637	0.608	0.686	0.453	0.406	0.489	0.541	0.989	0.957	0.977	0.989	0.990	0.740	0.854	0.440	0.546
OP11	0.619	0.668	0.721	0.983	0.435	0.853	0.491	0.766	0.622	0.806	0.883	0.962	0.941	0.624	0.712	0.997	0.600	0.622	0.696	0.899	0.676	0.583	0.338	0.613	0.854	0.498	0.823	0.838	0.478	0.460	0.670	0.783	0.546	0.583	0.603	0	0.434	0.680	0.504	0.815	0.839	0.640	0.746	0.483	0.618	0.780	0.626	0.611	0.613	0.625	0.626	0.896	0.838	0.498	0.734
OP12	0.984	0.497	0.597	0.980	0.571	0.642	0.235	0.468	0.987	0.745	0.793	0.961	0.886	0.989	0.982	0.992	0.962	0.987	0.600	0.841	0.628	0.957	0.490	0.344	0.538	0.868	0.695	0.591	0.342	0.412	0.468	0.543	0.440	0.959	0.523	0.434	0	0.312	0.744	0.779	0.786	0.612	0.598	0.385	0.456	0.680	0.985	0.963	0.974	0.990	0.987	0.655	0.907	0.178	0.402
OP13	0.984	0.440	0.511	0.985	0.582	0.600	0.267	0.211	0.986	0.634	0.735	0.965	0.890	0.989	0.987	0.997	0.967	0.986	0.520	0.812	0.652	0.953	0.647	0.400	0.348	0.800	0.541	0.421	0.479	0.561	0.468	0.511	0.472	0.954	0.515	0.680	0.312	0	0.710	0.568	0.551	0.576	0.513	0.473	0.481	0.471	0.990	0.958	0.977	0.990	0.990	0.643	0.915	0.301	0.251
OP2	0.667	0.681	0.643	0.958	0.606	0.812	0.659	0.702	0.662	0.659	0.708	0.933	0.851	0.670	0.670	0.955	0.635	0.667	0.594	0.775	0.668	0.608	0.631	0.760	0.739	0.292	0.666	0.681	0.708	0.703	0.808	0.803	0.695	0.608	0.694	0.504	0.744	0.710	0	0.721	0.703	0.574	0.668	0.695	0.763	0.673	0.669	0.640	0.653	0.672	0.670	0.796	0.764	0.679	0.710
OP3	0.990	0.687	0.477	0.984	0.714	0.810	0.675	0.436	0.992	0.591	0.751	0.961	0.925	0.994	0.988	0.990	0.965	0.992	0.699	0.869	0.768	0.955	0.787	0.797	0.668	0.796	0.238	0.585	0.654	0.760	0.809	0.775	0.648	0.956	0.637	0.815	0.779	0.568	0.721	0	0.213	0.769	0.659	0.734	0.744	0.523	0.992	0.962	0.978	0.996	0.993	0.846	0.914	0.684	0.661
OP4	0.990	0.664	0.484	0.969	0.712	0.774	0.679	0.399	0.992	0.520	0.728	0.958	0.907	0.995	0.973	0.975	0.959	0.992	0.659	0.855	0.762	0.953	0.793	0.803	0.652	0.786	0.309	0.552	0.670	0.756	0.813	0.783	0.632	0.955	0.608	0.839	0.786	0.551	0.703	0.213	0	0.736	0.616	0.733	0.750	0.517	0.992	0.963	0.976	0.996	0.994	0.822	0.895	0.690	0.662
OP5	0.563	0.656	0.653	0.970	0.603	0.512	0.543	0.636	0.565	0.700	0.735	0.955	0.866	0.568	0.559	0.986	0.533	0.565	0.627	0.857	0.758	0.526	0.660	0.539	0.532	0.662	0.672	0.476	0.607	0.641	0.588	0.525	0.665	0.529	0.686	0.640	0.612	0.576	0.574	0.769	0.736	0	0.651	0.595	0.665	0.708	0.564	0.539	0.549	0.569	0.567	0.666	0.666	0.633	0.515
OP6	0.955	0.295	0.447	0.954	0.690	0.646	0.594	0.502	0.957	0.446	0.588	0.955	0.852	0.959	0.961	0.995	0.934	0.956	0.275	0.738	0.619	0.896	0.688	0.678	0.672	0.806	0.621	0.691	0.432	0.606	0.665	0.670	0.439	0.896	0.453	0.746	0.598	0.513	0.668	0.659	0.616	0.651	0	0.595	0.592	0.538	0.962	0.945	0.949	0.961	0.962	0.673	0.822	0.572	0.595
OP7	0.929	0.563	0.487	0.973	0.251	0.647	0.304	0.545	0.933	0.613	0.746	0.953	0.882	0.934	0.928	0.990	0.902	0.931	0.586	0.838	0.633	0.882	0.506	0.511	0.636	0.762	0.661	0.629	0.328	0.136	0.500	0.597	0.360	0.885	0.406	0.483	0.385	0.473	0.695	0.734	0.733	0.595	0.595	0	0.401	0.554	0.929	0.907	0.920	0.936	0.934	0.652	0.825	0.334	0.511
OP8	0.961	0.561	0.527	0.956	0.516	0.704	0.396	0.550	0.964	0.680	0.744	0.961	0.887	0.965	0.963	0.994	0.939	0.963	0.650	0.846	0.634	0.934	0.576	0.519	0.644	0.837	0.690	0.669	0.477	0.445	0.217	0.297	0.456	0.936	0.489	0.618	0.456	0.481	0.763	0.744	0.750	0.665	0.592	0.401	0	0.446	0.964	0.938	0.951	0.967	0.965	0.526	0.882	0.389	0.523
OP9	0.978	0.546	0.476	0.957	0.582	0.719	0.547	0.425	0.982	0.509	0.649	0.956	0.884	0.983	0.982	0.995	0.956	0.980	0.536	0.822	0.674	0.936	0.727	0.710	0.593	0.784	0.547	0.580	0.660	0.563	0.559	0.518	0.535	0.938	0.541	0.780	0.680	0.471	0.673	0.523	0.517	0.708	0.538	0.554	0.446	0	0.984	0.953	0.970	0.985	0.984	0.552	0.883	0.529	0.554
SD1	0.0244	0.948	0.987	0.976	0.817	0.994	0.954	0.985	0.0225	0.970	0.981	0.984	0.956	0.0155	0.418	0.986	0.0481	0.0262	0.896	0.960	0.964	0.0693	0.831	0.982	0.996	0.544	0.986	0.989	0.972	0.914	0.953	0.980	0.987	0.0694	0.989	0.626	0.985	0.990	0.669	0.992	0.992	0.564	0.962	0.929	0.964	0.984	0	0.0467	0.0427	0.0262	0.0282	0.979	0.587	0.981	0.986
SD2	0.0336	0.936	0.953	0.980	0.795	0.986	0.931	0.954	0.0384	0.945	0.950	0.982	0.947	0.0457	0.423	0.992	0.0503	0.0421	0.884	0.957	0.952	0.0652	0.824	0.975	0.964	0.519	0.961	0.964	0.958	0.892	0.956	0.958	0.956	0.0637	0.957	0.611	0.963	0.958	0.640	0.962	0.963	0.539	0.945	0.907	0.938	0.953	0.0467	0	0.0458	0.0372	0.0562	0.955	0.596	0.955	0.960
SD3	0.0279	0.935	0.974	0.973	0.808	0.981	0.946	0.972	0.0356	0.961	0.968	0.976	0.947	0.0423	0.418	0.986	0.0301	0.0379	0.884	0.947	0.947	0.0633	0.823	0.974	0.983	0.530	0.974	0.977	0.959	0.905	0.944	0.967	0.974	0.0708	0.977	0.613	0.974	0.977	0.653	0.978	0.976	0.549	0.949	0.920	0.951	0.970	0.0427	0.0458	0	0.0316	0.0491	0.969	0.573	0.969	0.977
SD4	0.0194	0.947	0.986	0.983	0.824	0.993	0.962	0.988	0.0208	0.977	0.983	0.992	0.963	0.0248	0.426	0.993	0.0445	0.0155	0.899	0.967	0.964	0.0685	0.838	0.990	0.996	0.549	0.993	0.997	0.971	0.921	0.960	0.981	0.987	0.0691	0.989	0.625	0.990	0.990	0.672	0.996	0.996	0.569	0.961	0.936	0.967	0.985	0.0262	0.0372	0.0316	0	0.0239	0.986	0.580	0.985	0.993
SD5	0.0354	0.949	0.987	0.981	0.822	0.994	0.959	0.986	0.0338	0.975	0.981	0.989	0.960	0.0331	0.423	0.990	0.0581	0.0245	0.897	0.964	0.964	0.0683	0.836	0.987	0.996	0.546	0.991	0.994	0.972	0.919	0.958	0.980	0.988	0.0692	0.990	0.626	0.987	0.990	0.670	0.993	0.994	0.567	0.962	0.934	0.965	0.984	0.0282	0.0562	0.0491	0.0239	0	0.984	0.571	0.983	0.991
SD6	0.980	0.681	0.683	0.761	0.692	0.696	0.598	0.627	0.983	0.722	0.718	0.946	0.502	0.984	0.839	0.692	0.951	0.981	0.699	0.832	0.790	0.950	0.624	0.591	0.647	0.863	0.713	0.649	0.695	0.690	0.568	0.539	0.704	0.952	0.740	0.896	0.655	0.643	0.796	0.846	0.822	0.666	0.673	0.652	0.526	0.552	0.979	0.955	0.969	0.986	0.984	0	0.895	0.593	0.573
SD7	0.586	0.836	0.851	0.916	0.816	0.867	0.864	0.901	0.586	0.836	0.858	0.961	0.915	0.584	0.641	0.950	0.559	0.572	0.763	0.841	0.779	0.549	0.804	0.912	0.925	0.696	0.875	0.877	0.859	0.812	0.876	0.899	0.856	0.557	0.854	0.838	0.907	0.915	0.764	0.914	0.895	0.666	0.822	0.825	0.882	0.883	0.587	0.596	0.573	0.580	0.571	0.895	0	0.892	0.901
SD8	0.979	0.504	0.460	0.956	0.500	0.655	0.146	0.382	0.983	0.610	0.716	0.960	0.882	0.984	0.980	0.993	0.957	0.981	0.597	0.825	0.613	0.949	0.541	0.404	0.491	0.784	0.605	0.542	0.329	0.378	0.487	0.562	0.349	0.951	0.440	0.498	0.178	0.301	0.679	0.684	0.690	0.633	0.572	0.334	0.389	0.529	0.981	0.955	0.969	0.985	0.983	0.593	0.892	0	0.320
SD9	0.987	0.540	0.490	0.939	0.582	0.450	0.285	0.336	0.990	0.609	0.733	0.946	0.843	0.992	0.950	0.954	0.960	0.989	0.617	0.805	0.645	0.954	0.650	0.281	0.275	0.796	0.557	0.379	0.531	0.590	0.488	0.369	0.515	0.957	0.546	0.734	0.402	0.251	0.710	0.661	0.662	0.515	0.595	0.511	0.523	0.554	0.986	0.960	0.977	0.993	0.991	0.573	0.901	0.320	0
